1 0.5703819984375 0.5735294125 0.81632653125 0.6852941171875 0.8738880171875 0.5833333328125 0.65279958125 0.48921568593750003 0.5703819984375 0.5735294125
1 0.0968079546875 0.46862744999999995 0.25641025625 0.5519607843750001 0.368916796875 0.474509803125 0.2223966515625 0.3970588234375 0.0968079546875 0.46862744999999995
1 0.0013082156249999998 0.5147058828125 0 0.5490196078125 0.132129775 0.640196078125 0.265567765625 0.5470588234375 0.1007326015625 0.463725490625 0.0013082156249999998 0.5147058828125
1 0.296964940625 0.3568627453125 0.389848246875 0.3068627453125 0.24856096249999998 0.2509803921875 0.156985871875 0.2970588234375 0.296964940625 0.3568627453125
1 0.29304029374999996 0.351960784375 0.442176871875 0.41960784375 0.527210884375 0.35392156875 0.381998953125 0.30392156875 0.29304029374999996 0.351960784375
1 0.7077446359375 0.43333333281249997 0.926216640625 0.5156862734375001 0.9759288343750001 0.43823529375000003 0.7522239671875 0.3784313734375 0.7077446359375 0.43333333281249997
1 0.49188906250000003 0.23333333281250002 0.639717425 0.2784313734375 0.6920460484375 0.24019607812500002 0.5625327046875 0.1931372546875 0.49188906250000003 0.23333333281250002
1 0.75091575 0.3784313734375 0.96415489375 0.4470588234375 0.9981684968750001 0.382352940625 0.822867609375 0.3235294125 0.75091575 0.3784313734375
1 0.43171114531250004 0.1656862734375 0.5468341171875 0.20588235312499997 0.6292517 0.1705882359375 0.506279434375 0.12745097968750002 0.43171114531250004 0.1656862734375
1 0.5978545265624999 0.175490196875 0.7221350078125 0.2088235296875 0.7757718484375 0.1656862734375 0.677655678125 0.13627450937500002 0.5978545265624999 0.175490196875
0 0.8202511781249999 0.6813725500000001 0.5729984296875 0.567647059375 0.472265828125 0.6705882359374999 0.7312925171875 0.8088235296875 0.8202511781249999 0.6813725500000001
0 0.739141809375 0.798039215625 0.4892726328125 0.6647058828125 0.3532182109375 0.78137255 0.6371009937500001 0.951960784375 0.739141809375 0.798039215625
0 0.9314495031250001 0.5029411765625 0.7195185765625001 0.43137255 0.65803244375 0.5 0.8712715859375001 0.594117646875 0.9314495031250001 0.5029411765625
0 1 0.2784313734375 0.8987441125 0.25 0.8555729984375 0.2931372546875 1 0.33431372656249997 1 0.2784313734375
0 1 0.2343137265625 0.934065934375 0.2147058828125 0.89612768125 0.2549019609375 1 0.2852941171875 1 0.2343137265625
0 0.4539508109375 0.4166666671875 0.29304029374999996 0.3509803921875 0.20669806406250002 0.40098039218750003 0.3532182109375 0.4794117640625 0.4539508109375 0.4166666671875
0 0.316588175 0.3568627453125 0.1687598109375 0.2931372546875 0.06279434843750001 0.3411764703125 0.2119309265625 0.4088235296875 0.316588175 0.3568627453125
0 0.1125065421875 0.4715686265625 0.22762951406249998 0.4068627453125 0.0745682890625 0.33431372656249997 0.0026164312499999997 0.3705882359375 0.0013082156249999998 0.41568627343750003 0.1125065421875 0.4715686265625
0 0.4526425953125 0.2666666671875 0.3139717421875 0.217647059375 0.24986917968750003 0.25 0.38069073750000004 0.3107843140625 0.4526425953125 0.2666666671875
0 0.511512296875 0.236274509375 0.381998953125 0.1911764703125 0.31004709531249997 0.22352941249999997 0.4487179484375 0.27352941249999996 0.511512296875 0.236274509375
0 0.5926216640625 0.317647059375 0.44479330156249997 0.2666666671875 0.376766090625 0.31274509687499996 0.518053375 0.3607843140625 0.5926216640625 0.317647059375
0 0.64756671875 0.2774509796875 0.506279434375 0.23039215624999998 0.4330193609375 0.2705882359375 0.5782312921874999 0.3235294125 0.64756671875 0.2774509796875
0 0.5651491359375 0.20686274531249998 0.434327578125 0.1647058828125 0.37284144375 0.1931372546875 0.5049712203125 0.24019607812500002 0.5651491359375 0.20686274531249998