1 0.1425954984375 0.490196078125 0.31004709531249997 0.56960784375 0.41601255937500004 0.5107843140624999 0.247252746875 0.43039215625000005 0.1425954984375 0.490196078125
1 0.02354788125 0.5578431375 0.1465201453125 0.48921568593750003 0.0026164312499999997 0.41078431406249993 0 0.4647058828125 0.02354788125 0.5578431375
1 0.476190475 0.43823529375000003 0.5546834109375001 0.387254903125 0.40947147968750003 0.32058823593749997 0.3205128203125 0.37254902031250003 0.476190475 0.43823529375000003
1 0.07980115 0.3578431375 0.2459445328125 0.43235294062499996 0.3296703296875 0.37745097968749997 0.16614337968749998 0.3009803921875 0.07980115 0.3578431375
1 0.4565672421875 0.2892156859375 0.5952380953125 0.337254903125 0.661957090625 0.287254903125 0.53113553125 0.24607843125 0.4565672421875 0.2892156859375
1 0.7352171625 0.4607843140625 0.94845630625 0.537254903125 0.9863945578125 0.46960784375 0.773155415625 0.387254903125 0.7352171625 0.4607843140625
1 0.6972789125000001 0.262745096875 0.553375196875 0.20490196093750002 0.51020408125 0.2421568625 0.677655678125 0.2911764703125 0.6972789125000001 0.262745096875
1 1 0.344117646875 0.8634222921875001 0.3009803921875 0.8267922562500001 0.35882352968750003 1 0.41568627343750003 1 0.344117646875
1 0.6135531125 0.198039215625 0.6567242281250001 0.16862744999999998 0.5324437468750001 0.1294117640625 0.48403976875000004 0.1568627453125 0.6135531125 0.198039215625
1 1 0.2431372546875 0.8935112515625001 0.21274509687499998 0.8987441125 0.27647058750000003 1 0.313725490625 1 0.2431372546875
0 0.0156985875 0.555882353125 0.1949241234375 0.6578431375 0.3218210359375 0.567647059375 0.1478283625 0.4784313734375 0.0156985875 0.555882353125
0 0.4330193609375 0.794117646875 0.7077446359375 0.9441176468749999 0.7914704343750001 0.794117646875 0.527210884375 0.675490196875 0.4330193609375 0.794117646875
0 0.8647305078124999 0.694117646875 0.6148613296875001 0.5892156859375001 0.5259026687499999 0.6852941171875 0.7875457875 0.8098039218749999 0.8647305078124999 0.694117646875
0 0.9092098390625001 0.6058823531249999 0.6841967546875 0.51960784375 0.6070120359375 0.5911764703125 0.8490319203125001 0.6980392156249999 0.9092098390625001 0.6058823531249999
0 0.9026687593749999 0.6147058828125 0.94845630625 0.53137255 0.7365253796875 0.45392156874999995 0.67896389375 0.5284313734375 0.9026687593749999 0.6147058828125
0 1 0.41078431406249993 0.8294086859375 0.355882353125 0.781004709375 0.40098039218750003 0.9746206171875 0.47549019687499994 1 0.41078431406249993
0 0.7770800625 0.198039215625 0.6554160125 0.167647059375 0.6070120359375 0.194117646875 0.7339089484375 0.232352940625 0.7770800625 0.198039215625
0 0.627943484375 0.1990196078125 0.6070120359375 0.1921568625 0.4931972796875 0.15392156875000002 0.426478284375 0.18137255000000002 0.5559916281249999 0.224509803125 0.627943484375 0.1990196078125
0 0.553375196875 0.2147058828125 0.442176871875 0.174509803125 0.381998953125 0.20686274531249998 0.5023547875000001 0.25392156875 0.553375196875 0.2147058828125
0 0.519361590625 0.25 0.39246467812499997 0.20392156875 0.3218210359375 0.2392156859375 0.46180010468750005 0.2931372546875 0.519361590625 0.25
0 0.537676609375 0.3921568625 0.6109366828125 0.33627450937500003 0.48011512187500005 0.29019607812500003 0.46180010468750005 0.28823529375 0.395081109375 0.3264705875 0.537676609375 0.3921568625
0 0.46964939843750003 0.28823529375 0.3270538984375 0.23529411718749998 0.24856096249999998 0.2715686265625 0.39900575625 0.3294117640625 0.46964939843750003 0.28823529375
0 0.141287284375 0.49705882343749996 0.247252746875 0.4264705875 0.08634222968750001 0.3509803921875 0.003924646875 0.4078431375 0.141287284375 0.49705882343749996
0 1 0.3107843140625 0.900052328125 0.2794117640625 0.8699633703125 0.2970588234375 0.9981684968750001 0.34607843125 1 0.3107843140625
0 0.2590266875 0.26862745 0.1792255375 0.30784313750000003 0.3218210359375 0.37254902031250003 0.38854003125 0.3274509796875 0.2590266875 0.26862745