1 0.8477237046875 0.66862745 0.89089481875 0.5656862734375 0.641025640625 0.4725490203125 0.5769230765625 0.5656862734375 0.8477237046875 0.66862745
1 0.14521193125 0.6460784312500001 0.26295133437499996 0.5529411765625001 0.08765044375 0.46862744999999995 0 0.536274509375 0.14521193125 0.6460784312500001
1 0.1883830453125 0.40392156874999996 0.019623234375 0.33823529375 0 0.386274509375 0.08372579687500001 0.4705882359375 0.1883830453125 0.40392156874999996
1 0.268184196875 0.3450980390625 0.438252225 0.40980392187500003 0.514128728125 0.3431372546875 0.3479853484375 0.286274509375 0.268184196875 0.3450980390625
1 0.7038199890625 0.4215686265625 0.928833071875 0.4931372546875 0.9654631078125 0.41960784375 0.7522239671875 0.3470588234375 0.7038199890625 0.4215686265625
1 0.4120879125 0.25588235312499996 0.559916275 0.30196078437499996 0.6148613296875001 0.25588235312499996 0.47749869218749996 0.21274509687499998 0.4120879125 0.25588235312499996
1 0.6187859765625 0.24705882343750002 0.65803244375 0.2107843140625 0.5285191 0.1705882359375 0.48011512187500005 0.2107843140625 0.6187859765625 0.24705882343750002
1 1 0.2421568625 0.8529565671875 0.2078431375 0.8320251171875 0.26960784375 1 0.31176470625 1 0.2421568625
1 1 0.20490196093750002 0.8804290937499999 0.175490196875 0.8594976453125 0.20196078437499998 0.9968602828125 0.23725490312500003 1 0.20490196093750002
1 0.5612244890625 0.1529411765625 0.6972789125000001 0.18725490312499998 0.7443746734375 0.1490196078125 0.6161695453125 0.12058823593750001 0.5612244890625 0.1529411765625
0 0.1872893765625 0.405882353125 0.3560491890625 0.4725490203125 0.43846677031250003 0.40490196093749997 0.274939821875 0.3470588234375 0.1872893765625 0.405882353125
0 0.3599738359375 0.4725490203125 0.1899058078125 0.40196078437500005 0.0734746203125 0.46764705937500006 0.2631658828125 0.555882353125 0.3599738359375 0.4725490203125
0 0.7890685515625 0.7852941171875 0.5143432765625 0.6647058828125 0.40314495 0.786274509375 0.707959184375 0.9401960781250001 0.7890685515625 0.7852941171875
0 0.8531711140624999 0.663725490625 0.5902197796875 0.562745096875 0.5051857656250001 0.667647059375 0.7772946109375 0.7901960781249999 0.8531711140624999 0.663725490625
0 0.6438566203125 0.4784313734375 0.8819518578125001 0.567647059375 0.9355886968749999 0.490196078125 0.70665096875 0.41372549062499997 0.6438566203125 0.4784313734375
0 0.9866091046875001 0.362745096875 0.7890685515625 0.31274509687499996 0.7485138671875 0.355882353125 0.963061225 0.42549019687499995 0.9866091046875001 0.362745096875
0 1 0.313725490625 0.83354788125 0.2666666671875 0.7877603343749999 0.313725490625 0.9826844578125 0.3705882359375 1 0.313725490625
0 0.5705965468749999 0.2990196078125 0.417535321875 0.25 0.3521245421875 0.28823529375 0.5091104125 0.34901960781249997 0.5705965468749999 0.2990196078125
0 0.277556253125 0.3431372546875 0.1218785984375 0.2833333328125 0.018529565625 0.33627450937500003 0.192522240625 0.4078431375 0.277556253125 0.3431372546875
0 0.3468916796875 0.28823529375 0.2016797484375 0.2392156859375 0.116645734375 0.29019607812500003 0.274939821875 0.3450980390625 0.3468916796875 0.28823529375
0 0.414918890625 0.25196078437499997 0.27363160625 0.20196078437499998 0.192522240625 0.2431372546875 0.3547409734375 0.294117646875 0.414918890625 0.25196078437499997
0 0.47117216093750003 0.213725490625 0.33642595468750003 0.1705882359375 0.2670905296875 0.20490196093750002 0.409686028125 0.2578431375 0.47117216093750003 0.213725490625
0 0.523500784375 0.18039215625 0.39137100937499997 0.14019607812499998 0.32596023125 0.174509803125 0.4659392984375 0.21960784375000003 0.523500784375 0.18039215625
0 0.5666719 0.148039215625 0.43585034062499994 0.1147058828125 0.38352171562500004 0.148039215625 0.515651490625 0.186274509375 0.5666719 0.148039215625
0 0.6124594453125 0.12254902031249999 0.4829461015625 0.090196078125 0.43454212343750004 0.12058823593750001 0.5640554671875 0.1529411765625 0.6124594453125 0.12254902031249999