1 0.0706436421875 0.4568627453125 0.239403453125 0.5323529406249999 0.3571428578125 0.4607843140625 0.1975405546875 0.39509803906249996 0.0706436421875 0.4568627453125
1 0.7142857140625 0.740196078125 0.45525902656249995 0.6205882359375 0.2995813703125 0.71862745 0.5991627421875 0.8735294124999999 0.7142857140625 0.740196078125
1 0.54160125625 0.5450980390625 0.782312925 0.637254903125 0.8451072734375 0.544117646875 0.60570381875 0.448039215625 0.54160125625 0.5450980390625
1 0.6841967546875 0.4147058828125 0.8974358984374999 0.4843137265625 0.9510727359375 0.4078431375 0.739141809375 0.33039215624999996 0.6841967546875 0.4147058828125
1 0.8712715859375001 0.24117647031249997 1 0.2715686265625 0.9994767140624999 0.18235294062500002 0.8725797999999999 0.17941176406249998 0.8712715859375001 0.24117647031249997
1 0.48142333906249996 0.23333333281250002 0.6148613296875001 0.2705882359375 0.677655678125 0.2343137265625 0.53636839375 0.190196078125 0.48142333906249996 0.23333333281250002
1 0.0431711140625 0.3421568625 0.1766091046875 0.398039215625 0.2878074296875 0.34901960781249997 0.136054421875 0.2921568625 0.0431711140625 0.3421568625
1 0.28519100000000003 0.3529411765625 0.36237571874999996 0.3009803921875 0.22893772812500002 0.24607843125 0.12951334375 0.298039215625 0.28519100000000003 0.3529411765625
1 0.37545787656249996 0.30196078437499996 0.43171114531250004 0.2549019609375 0.3008895875 0.2107843140625 0.23678702187499998 0.2549019609375 0.37545787656249996 0.30196078437499996
1 0.45525902656249995 0.1490196078125 0.5834641546875 0.1774509796875 0.635792778125 0.1490196078125 0.524594453125 0.12058823593750001 0.45525902656249995 0.1490196078125
0 0 0.5431372546875 0.10989010937499999 0.609803921875 0.253793825 0.5274509796875 0.091575090625 0.45490196093749996 0 0.490196078125 0 0.5431372546875
0 0.43040293125 0.40196078437500005 0.28126635312500003 0.351960784375 0.1857666140625 0.3970588234375 0.3296703296875 0.463725490625 0.43040293125 0.40196078437500005
0 0.5023547875000001 0.348039215625 0.354526425 0.30392156875 0.274725275 0.351960784375 0.4120879125 0.40490196093749997 0.5023547875000001 0.348039215625
0 0.79016221875 0.6294117640625 0.5442176875 0.5392156859375 0.4487179484375 0.6274509796875 0.6959706953125 0.7470588234375 0.79016221875 0.6294117640625
0 0.903976975 0.4735294125 0.685504971875 0.40980392187500003 0.62140240625 0.4568627453125 0.8411826265625001 0.5529411765625001 0.903976975 0.4735294125
0 0.9798534796875 0.3607843140625 0.794086865625 0.31176470625 0.7535321828125 0.3450980390625 0.944531659375 0.4166666671875 0.9798534796875 0.3607843140625
0 1 0.31176470625 0.838566196875 0.27352941249999996 0.788854003125 0.31176470625 0.9798534796875 0.367647059375 1 0.31176470625
0 1 0.2647058828125 0.8791208796875001 0.236274509375 0.8359497640625 0.27352941249999996 1 0.3166666671875 1 0.2647058828125
0 0.7548403968749999 0.1725490203125 0.627943484375 0.1490196078125 0.5834641546875 0.1735294125 0.7051282062500001 0.1990196078125 0.7548403968749999 0.1725490203125
0 0.7038199890625 0.20196078437499998 0.5900052328125 0.175490196875 0.5612244890625 0.190196078125 0.6658817375 0.225490196875 0.7038199890625 0.20196078437499998
0 0.5821559390625 0.1735294125 0.46572475156250004 0.1470588234375 0.40947147968750003 0.1715686265625 0.53113553125 0.1970588234375 0.5821559390625 0.1735294125
0 0.5285191 0.1970588234375 0.41993720625000003 0.16960784375 0.3610675046875 0.19607843125 0.48011512187500005 0.23137254999999998 0.5285191 0.1970588234375
0 0.6161695453125 0.267647059375 0.48403976875000004 0.23333333281250002 0.42517006718749994 0.2656862734375 0.553375196875 0.30392156875 0.6161695453125 0.267647059375
0 0.476190475 0.23333333281250002 0.36760858281250003 0.20098039218750002 0.3270538984375 0.2107843140625 0.434327578125 0.2578431375 0.476190475 0.23333333281250002
0 0 0.412745096875 0.07980115 0.463725490625 0.1844583984375 0.39509803906249996 0.0444793296875 0.3392156859375 0 0.35882352968750003 0 0.412745096875
0 0.563840921875 0.305882353125 0.442176871875 0.2715686265625 0.35845107187499997 0.3068627453125 0.48534798593749995 0.35490196093750004 0.563840921875 0.305882353125