0 0.2904238625 0.40490196093749997 0.2001569859375 0.4588235296875 0.342752484375 0.513725490625 0.43040293125 0.45 0.2904238625 0.40490196093749997
0 0.24856096249999998 0.5803921562500001 0.34667713125 0.5049019609375 0.21454735781249998 0.4509803921875 0.1007326015625 0.5078431375 0.24856096249999998 0.5803921562500001
0 0.8294086859375 0.5970588234374999 0.617477759375 0.5215686265625 0.537676609375 0.5784313734375 0.7613814750000001 0.682352940625 0.8294086859375 0.5970588234374999
0 0.6881214015625 0.78039215625 0.4539508109375 0.667647059375 0.3270538984375 0.7705882359375 0.5860805859375 0.913725490625 0.6881214015625 0.78039215625
0 0.960230246875 0.4166666671875 0.77446363125 0.3715686265625 0.7221350078125 0.398039215625 0.92229199375 0.4656862734375 0.960230246875 0.4166666671875
0 0.5900052328125 0.2392156859375 0.6240188390625 0.213725490625 0.5154369437499999 0.1892156859375 0.4565672421875 0.2147058828125 0.5900052328125 0.2392156859375
0 0.7404500265625 0.23725490312500003 0.627943484375 0.213725490625 0.5913134484375 0.232352940625 0.693354265625 0.267647059375 0.7404500265625 0.23725490312500003
0 0.2119309265625 0.4509803921875 0.091575090625 0.40196078437500005 0 0.4509803921875 0.11381475625 0.5117647062499999 0.2119309265625 0.4509803921875
0 0.3610675046875 0.362745096875 0.2459445328125 0.32058823593749997 0.15960230312499998 0.3578431375 0.2878074296875 0.4068627453125 0.3610675046875 0.362745096875
0 0.434327578125 0.3274509796875 0.3113553109375 0.286274509375 0.2302459453125 0.3225490203125 0.36760858281250003 0.359803921875 0.434327578125 0.3274509796875
0 0.4892726328125 0.2950980390625 0.36760858281250003 0.26176470625000003 0.3008895875 0.2931372546875 0.42517006718749994 0.33039215624999996 0.4892726328125 0.2950980390625
0 0.5559916281249999 0.36568627343750004 0.43563579218750004 0.3274509796875 0.3833071703125 0.35392156875 0.4931972796875 0.405882353125 0.5559916281249999 0.36568627343750004
0 0.48796441562500004 0.29607843125 0.54160125625 0.2725490203125 0.42517006718749994 0.23529411718749998 0.35845107187499997 0.2666666671875 0.48796441562500004 0.29607843125
0 0.6711146 0.2950980390625 0.53113553125 0.26862745 0.4788069078125 0.2921568625 0.6109366828125 0.32058823593749997 0.6711146 0.2950980390625
1 0.6109366828125 0.525490196875 0.830716903125 0.59607843125 0.8830455265625 0.5245098031250001 0.659340659375 0.4509803921875 0.6109366828125 0.525490196875
1 0.934065934375 0.46960784375 0.7352171625 0.40196078437500005 0.66326530625 0.459803921875 0.8765044468750001 0.5294117640625 0.934065934375 0.46960784375
1 0.762689690625 0.3735294125 0.9510727359375 0.41568627343750003 0.9981684968750001 0.3715686265625 0.81632653125 0.3215686265625 0.762689690625 0.3735294125
1 0.8634222921875001 0.282352940625 0.8333333328125001 0.313725490625 1 0.3764705875 0.9968602828125 0.3049019609375 0.8634222921875001 0.282352940625
1 0.659340659375 0.30196078437499996 0.701203559375 0.263725490625 0.5834641546875 0.22352941249999997 0.527210884375 0.26960784375 0.659340659375 0.30196078437499996
1 0.54945055 0.36960784375 0.6161695453125 0.32058823593749997 0.49188906250000003 0.2892156859375 0.41732077343749996 0.3284313734375 0.54945055 0.36960784375
1 0.27995813593749996 0.4068627453125 0.4120879125 0.4588235296875 0.4905808484375 0.4068627453125 0.5010465734375 0.4068627453125 0.37545787656249996 0.35490196093750004 0.27995813593749996 0.4068627453125
1 0.2053898484375 0.459803921875 0.2917320765625 0.41372549062499997 0.175300890625 0.3568627453125 0.07195185781249999 0.3990196078125 0.2053898484375 0.459803921875
1 0.4539508109375 0.6784313734375 0.685504971875 0.7901960781249999 0.7653061218749999 0.6745098031250001 0.53636839375 0.56960784375 0.4539508109375 0.6784313734375
1 0.13997906875 0.65392156875 0.24986917968750003 0.574509803125 0.111198325 0.5029411765625 0 0.5735294125 0.13997906875 0.65392156875
0 0.571690215625 0.2343137265625 0.4709576140625 0.2107843140625 0.4133961265625 0.23823529375 0.5259026687499999 0.2705882359375 0.571690215625 0.2343137265625