1 0.1870748296875 0.501960784375 0.33359497656250003 0.5715686265625 0.43956043906250003 0.505882353125 0.3074306640625 0.44215686249999997 0.1870748296875 0.501960784375
1 0.4971219265625 0.4490196078125 0.38854003125 0.39607843125 0.286499215625 0.44117647031249996 0.41732077343749996 0.5029411765625 0.4971219265625 0.4490196078125
1 0.8267922562500001 0.690196078125 0.8974358984374999 0.609803921875 0.7129774984374999 0.544117646875 0.67896389375 0.536274509375 0.6004709578125 0.59607843125 0.8267922562500001 0.690196078125
1 0.7378335953125 0.4774509796875 0.944531659375 0.544117646875 0.9942438515625 0.48333333281249996 0.8333333328125001 0.43137255 0.7378335953125 0.4774509796875
1 0.43040293125 0.3647058828125 0.5651491359375 0.412745096875 0.63186813125 0.3735294125 0.511512296875 0.3264705875 0.43040293125 0.3647058828125
1 0.5455259031249999 0.30294117656249997 0.675039246875 0.33823529375 0.7469911031249999 0.29607843125 0.6266352703125 0.2647058828125 0.5455259031249999 0.30294117656249997
1 1 0.26862745 0.9837781265625001 0.263725490625 0.920983778125 0.313725490625 1 0.3294117640625 1 0.26862745
1 0.6449502875 0.24705882343750002 0.7718472015625 0.27647058750000003 0.838566196875 0.2490196078125 0.7038199890625 0.21862745 0.6449502875 0.24705882343750002
1 0.511512296875 0.332352940625 0.5756148624999999 0.2931372546875 0.46180010468750005 0.2568627453125 0.381998953125 0.2950980390625 0.511512296875 0.332352940625
1 0.4905808484375 0.2450980390625 0.6109366828125 0.27352941249999996 0.65803244375 0.2450980390625 0.6554160125 0.2421568625 0.5559916281249999 0.2107843140625 0.4905808484375 0.2450980390625
0 0.8411826265625001 0.6911764703125 0.6200941921875 0.598039215625 0.511512296875 0.6735294125 0.7456828890625 0.7931372546875 0.8411826265625001 0.6911764703125
0 0.7535321828125 0.7852941171875 0.5285191 0.6696078437499999 0.40947147968750003 0.763725490625 0.6501831499999999 0.912745096875 0.7535321828125 0.7852941171875
0 0.952380953125 0.5401960781249999 0.7482993203125 0.4735294125 0.68942961875 0.5401960781249999 0.884353740625 0.6176470593750001 0.952380953125 0.5401960781249999
0 0.21978022031250002 0.640196078125 0.33359497656250003 0.5735294125 0.1949241234375 0.49607843125000006 0.0889586609375 0.5578431375 0.21978022031250002 0.640196078125
0 0.0889586609375 0.562745096875 0.2001569859375 0.498039215625 0.07980115 0.43039215625000005 0.0013082156249999998 0.4647058828125 0 0.4990196078125 0.0889586609375 0.562745096875
0 0.28519100000000003 0.4450980390625 0.1687598109375 0.39117647031249997 0.0706436421875 0.436274509375 0.1936159078125 0.5068627453125 0.28519100000000003 0.4450980390625
0 0.381998953125 0.40294117656250006 0.24856096249999998 0.351960784375 0.16352695 0.39509803906249996 0.289115646875 0.45196078437500004 0.381998953125 0.40294117656250006
0 0.4526425953125 0.36666666718749996 0.3205128203125 0.317647059375 0.247252746875 0.359803921875 0.3715332296875 0.40490196093749997 0.4526425953125 0.36666666718749996
0 0.5049712203125 0.3294117640625 0.39377289375 0.294117646875 0.31527995781249996 0.3215686265625 0.44348508593749997 0.3705882359375 0.5049712203125 0.3294117640625
0 0.6907378343749999 0.33823529375 0.5703819984375 0.3049019609375 0.5232862375 0.3333333328125 0.6240188390625 0.375490196875 0.6907378343749999 0.33823529375
0 1 0.3274509796875 0.9314495031250001 0.313725490625 0.8765044468750001 0.3470588234375 1 0.386274509375 1 0.3274509796875
0 1 0.375490196875 0.8935112515625001 0.344117646875 0.8333333328125001 0.387254903125 1 0.43823529375000003 1 0.375490196875
0 1 0.4274509796875 0.8555729984375 0.38039215625 0.7953950812499999 0.41568627343750003 0.9916274203125001 0.4921568625 1 0.4274509796875
0 0.12428048124999999 0.712745096875 0.2302459453125 0.640196078125 0.08372579687500001 0.5578431375 0.003924646875 0.5911764703125 0 0.609803921875 0.12428048124999999 0.712745096875
0 0.5782312921874999 0.41078431406249993 0.43956043906250003 0.36666666718749996 0.387231815625 0.398039215625 0.5023547875000001 0.4509803921875 0.5782312921874999 0.41078431406249993