1 0.274725275 0.559803921875 0.1504447921875 0.48333333281249996 0.030088959375 0.5401960781249999 0.156985871875 0.6264705875 0.274725275 0.559803921875
1 0.23678702187499998 0.44019607812499995 0.36499215 0.5039215687499999 0.4644165359375 0.45490196093749996 0.3270538984375 0.3970588234375 0.23678702187499998 0.44019607812499995
1 0.6567242281250001 0.787254903125 0.7522239671875 0.6911764703125 0.5468341171875 0.5852941171875 0.4369440078125 0.6705882359374999 0.6567242281250001 0.787254903125
1 0.39377289375 0.363725490625 0.524594453125 0.41568627343750003 0.6004709578125 0.38039215625 0.49188906250000003 0.3274509796875 0.39377289375 0.363725490625
1 0.8895866046875 0.5588235296875 0.9432234421875 0.4990196078125 0.7456828890625 0.4284313734375 0.682888540625 0.48137255 0.8895866046875 0.5588235296875
1 0.5232862375 0.3049019609375 0.6423338578125 0.3450980390625 0.7064364203125 0.3147058828125 0.5886970171875 0.2774509796875 0.5232862375 0.3049019609375
1 0.8555729984375 0.3529411765625 0.799319728125 0.4 0.9863945578125 0.45294117656250005 0.9994767140624999 0.455882353125 1 0.40392156874999996 0.8555729984375 0.3529411765625
1 0.47488226093749997 0.2450980390625 0.5769230765625 0.28039215624999997 0.6384092109374999 0.2578431375 0.5259026687499999 0.2215686265625 0.47488226093749997 0.2450980390625
1 0.633176346875 0.259803921875 0.681580325 0.2343137265625 0.5965463109375 0.198039215625 0.53113553125 0.21862745 0.633176346875 0.259803921875
1 0.8451072734375 0.3431372546875 0.9955520671875 0.382352940625 1 0.3284313734375 0.8895866046875 0.2950980390625 0.8451072734375 0.3431372546875
0 0.1478283625 0.48921568593750003 0.24856096249999998 0.444117646875 0.13474620625 0.37745097968749997 0.030088959375 0.4166666671875 0.1478283625 0.48921568593750003
0 0.374149659375 0.5029411765625 0.2420198859375 0.43823529375000003 0.13997906875 0.48137255 0.270800628125 0.563725490625 0.374149659375 0.5029411765625
0 0.8254840390625 0.6156862734375 0.6305599171875 0.5333333328125 0.53636839375 0.590196078125 0.7456828890625 0.6980392156249999 0.8254840390625 0.6156862734375
0 0.66849816875 0.7911764703124999 0.4500261640625 0.6647058828125 0.3231292515625 0.748039215625 0.53636839375 0.9107843140625 0.66849816875 0.7911764703124999
0 0.8895866046875 0.55392156875 0.6959706953125 0.4774509796875 0.625327053125 0.5401960781249999 0.8189429625000001 0.6235294125 0.8895866046875 0.55392156875
0 0.79277865 0.26176470625000003 0.677655678125 0.2343137265625 0.625327053125 0.2568627453125 0.7378335953125 0.2892156859375 0.79277865 0.26176470625000003
0 0.410779696875 0.3647058828125 0.29827315468750004 0.313725490625 0.2053898484375 0.34607843125 0.33359497656250003 0.3990196078125 0.410779696875 0.3647058828125
0 0.33359497656250003 0.3990196078125 0.21978022031250002 0.344117646875 0.12558869687500002 0.3794117640625 0.2433281 0.4431372546875 0.33359497656250003 0.3990196078125
0 0.4565672421875 0.324509803125 0.3610675046875 0.28823529375 0.29827315468750004 0.3166666671875 0.4016221875 0.36568627343750004 0.4565672421875 0.324509803125
0 0.537676609375 0.30392156875 0.426478284375 0.263725490625 0.354526425 0.2931372546875 0.47488226093749997 0.33431372656249997 0.537676609375 0.30392156875
0 0 0.5117647062499999 0.031397175 0.5431372546875 0.149136578125 0.4843137265625 0.037938253125 0.41568627343750003 0 0.42352941250000004 0 0.5117647062499999
0 0.5913134484375 0.28039215624999997 0.47749869218749996 0.2450980390625 0.418628990625 0.2656862734375 0.529827315625 0.3068627453125 0.5913134484375 0.28039215624999997
0 0.5900052328125 0.3852941171875 0.661957090625 0.348039215625 0.5468341171875 0.30882352968750004 0.5324437468750001 0.3009803921875 0.48403976875000004 0.33137255 0.5900052328125 0.3852941171875
0 0.9942438515625 0.45196078437500004 0.8084772375 0.398039215625 0.7443746734375 0.4284313734375 0.941915228125 0.5049019609375 0.9942438515625 0.45196078437500004
0 0.5389848234375 0.4166666671875 0.40423861875 0.3647058828125 0.3244374671875 0.40196078437500005 0.44610151875000004 0.4607843140625 0.5389848234375 0.4166666671875