1 0.2878074296875 0.559803921875 0.1425954984375 0.4774509796875 0.014390371874999999 0.5352941171875 0.151753009375 0.6333333328124999 0.2878074296875 0.559803921875
1 0.8019361578125 0.6950980390625 0.5821559390625 0.5872549031250001 0.46180010468750005 0.667647059375 0.7025117734374999 0.8049019609375 0.8019361578125 0.6950980390625
1 0.7443746734375 0.4705882359375 0.648874934375 0.53137255 0.8647305078124999 0.61960784375 0.8594976453125 0.625490196875 0.9327577187499999 0.5450980390625 0.7443746734375 0.4705882359375
1 0.11904761875 0.36862745 0.24986917968750003 0.43333333281249997 0.3440607015625 0.387254903125 0.22762951406249998 0.3284313734375 0.11904761875 0.36862745
1 0.3309785453125 0.3892156859375 0.4670329671875 0.45 0.5546834109375001 0.398039215625 0.43040293125 0.35 0.3309785453125 0.3892156859375
1 0.5389848234375 0.294117646875 0.65803244375 0.3294117640625 0.7312925171875 0.30294117656249997 0.6043956046875001 0.2568627453125 0.5389848234375 0.294117646875
1 0.36368393593750004 0.27647058750000003 0.47749869218749996 0.3215686265625 0.5625327046875 0.29019607812500003 0.43171114531250004 0.25 0.36368393593750004 0.27647058750000003
1 0.418628990625 0.348039215625 0.5442176875 0.3990196078125 0.617477759375 0.355882353125 0.5049712203125 0.30882352968750004 0.418628990625 0.348039215625
1 0.77446363125 0.4284313734375 0.9811616953125 0.4921568625 1 0.4274509796875 0.8503401359374999 0.3784313734375 0.77446363125 0.4284313734375
1 1 0.32058823593749997 0.941915228125 0.3009803921875 0.8751962328125 0.3529411765625 1 0.3852941171875 1 0.32058823593749997
0 0.3911564625 0.49509803906250005 0.24986917968750003 0.43039215625000005 0.13997906875 0.4794117640625 0.274725275 0.5607843140625 0.3911564625 0.49509803906250005
0 0.4788069078125 0.448039215625 0.3440607015625 0.386274509375 0.23547880625 0.42941176406250003 0.3715332296875 0.501960784375 0.4788069078125 0.448039215625
0 0.253793825 0.4264705875 0.130821559375 0.363725490625 0.0170068015625 0.4078431375 0.151753009375 0.48039215625000004 0.253793825 0.4264705875
0 0.41993720625000003 0.3431372546875 0.2956567234375 0.2970588234375 0.22501308125000002 0.3264705875 0.3349031921875 0.39117647031249997 0.41993720625000003 0.3431372546875
0 0.47488226093749997 0.3166666671875 0.3702250125 0.2715686265625 0.2904238625 0.3049019609375 0.4120879125 0.3509803921875 0.47488226093749997 0.3166666671875
0 0.6998953421875 0.2215686265625 0.5886970171875 0.1892156859375 0.5324437468750001 0.21176470625000002 0.648874934375 0.244117646875 0.6998953421875 0.2215686265625
0 0.8097854515625 0.24705882343750002 0.693354265625 0.21960784375000003 0.6462585046875 0.244117646875 0.75876504375 0.2784313734375 0.8097854515625 0.24705882343750002
0 0.661957090625 0.2421568625 0.5455259031249999 0.209803921875 0.48142333906249996 0.23137254999999998 0.5991627421875 0.26862745 0.661957090625 0.2421568625
0 0.9877027734375 0.48921568593750003 0.783621140625 0.4215686265625 0.7247514390625 0.4735294125 0.926216640625 0.5588235296875 0.9877027734375 0.48921568593750003
0 0.8804290937499999 0.6166666671875001 0.659340659375 0.525490196875 0.563840921875 0.590196078125 0.794086865625 0.7029411765625 0.8804290937499999 0.6166666671875001
0 0.7155939296875 0.79607843125 0.472265828125 0.663725490625 0.34536891718749996 0.763725490625 0.5900052328125 0.9294117640625 0.7155939296875 0.79607843125