0 0.7142857140625 0.71960784375 0.4931972796875 0.6107843140625 0.3833071703125 0.7068627453125 0.617477759375 0.8441176468749999 0.7142857140625 0.71960784375
0 0.389848246875 0.44607843125 0.2433281 0.375490196875 0.136054421875 0.43333333281249997 0.286499215625 0.5147058828125 0.389848246875 0.44607843125
0 0.4631083203125 0.387254903125 0.3244374671875 0.3284313734375 0.22762951406249998 0.38039215625 0.374149659375 0.4509803921875 0.4631083203125 0.387254903125
0 0.5324437468750001 0.3411764703125 0.396389325 0.2852941171875 0.31004709531249997 0.332352940625 0.4526425953125 0.3970588234375 0.5324437468750001 0.3411764703125
0 0.40423861875 0.2911764703125 0.26164311875 0.23333333281250002 0.19884877031249998 0.26960784375 0.3231292515625 0.3333333328125 0.40423861875 0.2911764703125
0 0.4539508109375 0.2509803921875 0.3309785453125 0.20196078437499998 0.26295133437499996 0.24019607812500002 0.39377289375 0.2892156859375 0.4539508109375 0.2509803921875
0 0.609628465625 0.1647058828125 0.49581370937499997 0.1284313734375 0.438252225 0.1588235296875 0.5586080578125 0.198039215625 0.609628465625 0.1647058828125
0 0.9628466765624999 0.375490196875 0.7953950812499999 0.31960784375 0.7404500265625 0.36568627343750004 0.9236002093750001 0.43333333281249997 0.9628466765624999 0.375490196875
0 0.8778126640625 0.486274509375 0.926216640625 0.4205882359375 0.7535321828125 0.359803921875 0.75091575 0.36666666718749996 0.7169021453125 0.40980392187500003 0.8778126640625 0.486274509375
0 0.830716903125 0.5450980390625 0.6462585046875 0.46666666718750005 0.563840921875 0.5274509796875 0.782312925 0.624509803125 0.830716903125 0.5450980390625
0 0.6881214015625 0.232352940625 0.5586080578125 0.1921568625 0.49973835624999996 0.225490196875 0.6344845640625 0.2705882359375 0.6881214015625 0.232352940625
0 0.5965463109375 0.1666666671875 0.5507587640625 0.19607843125 0.6724228140624999 0.236274509375 0.7247514390625 0.19607843125 0.5965463109375 0.1666666671875
0 0.762689690625 0.1715686265625 0.6449502875 0.14019607812499998 0.5952380953125 0.167647059375 0.7169021453125 0.20588235312499997 0.762689690625 0.1715686265625
0 0.1478283625 0.4274509796875 0.014390371874999999 0.3568627453125 0.0026164312499999997 0.4764705875 0.041862899999999995 0.49411764687500004 0.1478283625 0.4274509796875
1 0.29827315468750004 0.5049019609375 0.141287284375 0.4264705875 0.0248560953125 0.4990196078125 0.1805337515625 0.5872549031250001 0.29827315468750004 0.5049019609375
1 0.7875457875 0.6147058828125 0.5703819984375 0.5245098031250001 0.48011512187500005 0.6176470593750001 0.6998953421875 0.73039215625 0.7875457875 0.6147058828125
1 0.633176346875 0.4725490203125 0.8267922562500001 0.5519607843750001 0.884353740625 0.4784313734375 0.7103610671875 0.40294117656250006 0.633176346875 0.4725490203125
1 0.7849293562499999 0.324509803125 0.9549973828124999 0.38039215625 0.9968602828125 0.33039215624999996 0.8215593921875 0.2784313734375 0.7849293562499999 0.324509803125
1 0.8660387234375 0.2509803921875 0.9981684968750001 0.2921568625 0.9994767140624999 0.224509803125 0.8804290937499999 0.19607843125 0.8660387234375 0.2509803921875
1 0.38854003125 0.28823529375 0.5232862375 0.3470588234375 0.5860805859375 0.298039215625 0.4526425953125 0.2450980390625 0.38854003125 0.28823529375
1 0.3270538984375 0.2088235296875 0.45525902656249995 0.26176470625000003 0.511512296875 0.2225490203125 0.39769754062499996 0.1705882359375 0.3270538984375 0.2088235296875
1 0.0026164312499999997 0.3578431375 0.1504447921875 0.44019607812499995 0.2459445328125 0.3794117640625 0.111198325 0.31176470625 0.0026164312499999997 0.3578431375
1 0.24071166875 0.386274509375 0.3244374671875 0.332352940625 0.2053898484375 0.2656862734375 0.1007326015625 0.313725490625 0.24071166875 0.386274509375
1 0.4931972796875 0.1343137265625 0.6030873890625 0.167647059375 0.64756671875 0.14019607812499998 0.540293040625 0.10980392187500002 0.4931972796875 0.1343137265625