0 0.2917320765625 0.5549019609375 0.12297226562500001 0.4705882359375 0 0.5352941171875 0.156985871875 0.637254903125 0.2917320765625 0.5549019609375
0 0.8058608046875 0.663725490625 0.5743066453125001 0.5686274499999999 0.47749869218749996 0.6588235296875 0.7286760859375 0.76960784375 0.8058608046875 0.663725490625
0 0.8621140765625 0.5852941171875 0.64756671875 0.505882353125 0.5651491359375 0.574509803125 0.799319728125 0.675490196875 0.8621140765625 0.5852941171875
0 0.9105180531249999 0.5156862734375001 0.7077446359375 0.4470588234375 0.639717425 0.5117647062499999 0.8516483515625 0.594117646875 0.9105180531249999 0.5156862734375001
0 0.130821559375 0.47549019687499994 0.0026164312499999997 0.4068627453125 0 0.5333333328125 0.011773940625 0.5421568625 0.130821559375 0.47549019687499994
0 0.51020408125 0.2607843140625 0.3833071703125 0.2107843140625 0.3139717421875 0.2431372546875 0.4408686546875 0.29019607812500003 0.51020408125 0.2607843140625
0 0.6423338578125 0.3009803921875 0.5049712203125 0.2549019609375 0.4591836734375 0.275490196875 0.5939298796875 0.3284313734375 0.6423338578125 0.3009803921875
0 0 0.41176470624999995 0.117739403125 0.48039215625000004 0.24071166875 0.4166666671875 0.091575090625 0.3509803921875 0 0.3852941171875 0 0.41176470624999995
0 0.30873888125 0.363725490625 0.17137624375 0.30882352968750004 0.0680272109375 0.35490196093750004 0.2001569859375 0.4147058828125 0.30873888125 0.363725490625
0 0.38592360000000003 0.325490196875 0.24986917968750003 0.2725490203125 0.16221873281250002 0.31274509687499996 0.3021978015625 0.36862745 0.38592360000000003 0.325490196875
0 0.4500261640625 0.286274509375 0.3244374671875 0.23823529375 0.2459445328125 0.2784313734375 0.38854003125 0.33137255 0.4500261640625 0.286274509375
0 0.5664573515625 0.23137254999999998 0.438252225 0.186274509375 0.376766090625 0.21862745 0.5010465734375 0.2647058828125 0.5664573515625 0.23137254999999998
0 0.693354265625 0.26862745 0.54945055 0.2274509796875 0.49450549375 0.259803921875 0.6305599171875 0.30784313750000003 0.693354265625 0.26862745
0 0.7326007328124999 0.23823529375 0.6070120359375 0.2029411765625 0.540293040625 0.23333333281250002 0.677655678125 0.27352941249999996 0.7326007328124999 0.23823529375
0 0.773155415625 0.2078431375 0.64756671875 0.1764705875 0.5926216640625 0.20392156875 0.7195185765625001 0.24117647031249997 0.773155415625 0.2078431375
1 0.23155415937499998 0.41078431406249993 0.1085818953125 0.47549019687499994 0.270800628125 0.55392156875 0.3021978015625 0.5647058828125 0.400313971875 0.4931372546875 0.23155415937499998 0.41078431406249993
1 0.4591836734375 0.4264705875 0.30350601718750003 0.363725490625 0.21978022031250002 0.412745096875 0.384615384375 0.487254903125 0.4591836734375 0.4264705875
1 0.39769754062499996 0.3156862734375 0.3205128203125 0.362745096875 0.4500261640625 0.43039215625000005 0.5389848234375 0.37254902031250003 0.39769754062499996 0.3156862734375
1 0.5965463109375 0.337254903125 0.44740973281249996 0.2833333328125 0.396389325 0.3166666671875 0.537676609375 0.3794117640625 0.5965463109375 0.337254903125
1 0.7038199890625 0.45196078437500004 0.9052851921875 0.51960784375 0.9536891687500001 0.4578431375 0.7600732609375 0.3931372546875 0.7038199890625 0.45196078437500004
1 0.7443746734375 0.755882353125 0.49581370937499997 0.6549019609375 0.376766090625 0.759803921875 0.633176346875 0.9049019609375 0.7443746734375 0.755882353125
1 0.426478284375 0.194117646875 0.5520669812500001 0.232352940625 0.6187859765625 0.1970588234375 0.50758765 0.163725490625 0.426478284375 0.194117646875
1 0.7953950812499999 0.35882352968750003 0.9863945578125 0.41078431406249993 0.9968602828125 0.3352941171875 0.8529565671875 0.3009803921875 0.7953950812499999 0.35882352968750003
1 1 0.2931372546875 0.8778126640625 0.2607843140625 0.8542647828125001 0.2892156859375 0.9955520671875 0.325490196875 1 0.2931372546875
1 1 0.262745096875 0.892203034375 0.2274509796875 0.8804290937499999 0.2568627453125 0.9981684968750001 0.2921568625 1 0.262745096875