1 0.117739403125 0.4794117640625 0.27995813593749996 0.5647058828125 0.38592360000000003 0.48921568593750003 0.2237048671875 0.42450980312500003 0.117739403125 0.4794117640625
1 0.472265828125 0.43823529375000003 0.3218210359375 0.3764705875 0.20931449375 0.4284313734375 0.36760858281250003 0.49607843125000006 0.472265828125 0.43823529375000003
1 0.641025640625 0.5156862734375001 0.8725797999999999 0.601960784375 0.9353741484375 0.5284313734375 0.739141809375 0.45196078437500004 0.641025640625 0.5156862734375001
1 0.7443746734375 0.7921568625 0.52066980625 0.68039215625 0.37545787656249996 0.767647059375 0.6384092109374999 0.9294117640625 0.7443746734375 0.7921568625
1 0.7679225546875 0.41078431406249993 0.9759288343750001 0.4735294125 1 0.41568627343750003 0.8411826265625001 0.3578431375 0.7679225546875 0.41078431406249993
1 0.50758765 0.2725490203125 0.6384092109374999 0.31176470625 0.7025117734374999 0.2794117640625 0.5729984296875 0.23529411718749998 0.50758765 0.2725490203125
1 0.8529565671875 0.3284313734375 0.9955520671875 0.3647058828125 1 0.305882353125 0.900052328125 0.2794117640625 0.8529565671875 0.3284313734375
1 0.609628465625 0.21176470625000002 0.7299843015625 0.25 0.79016221875 0.2147058828125 0.677655678125 0.1774509796875 0.609628465625 0.21176470625000002
1 0.4971219265625 0.18725490312499998 0.6148613296875001 0.21960784375000003 0.661957090625 0.17941176406249998 0.5625327046875 0.155882353125 0.4971219265625 0.18725490312499998
1 0.926216640625 0.23529411718749998 0.9013605453125001 0.267647059375 0.9955520671875 0.2970588234375 0.9981684968750001 0.294117646875 1 0.2588235296875 0.926216640625 0.23529411718749998
0 0.2917320765625 0.5607843140625 0.1268969125 0.4794117640625 0 0.5401960781249999 0.153061225 0.6460784312500001 0.2917320765625 0.5607843140625
0 0.132129775 0.48039215625000004 0.22893772812500002 0.4225490203125 0.09288330781250001 0.3578431375 0 0.41372549062499997 0.12035583593750002 0.4852941171875 0.132129775 0.48039215625000004
0 0.3218210359375 0.37745097968749997 0.183150184375 0.31960784375 0.0850340140625 0.36568627343750004 0.22632129843749998 0.4284313734375 0.3218210359375 0.37745097968749997
0 0.39900575625 0.337254903125 0.26164311875 0.286274509375 0.17137624375 0.325490196875 0.316588175 0.38137255 0.39900575625 0.337254903125
0 0.537676609375 0.3892156859375 0.38854003125 0.3352941171875 0.3074306640625 0.3784313734375 0.45133437968749995 0.4450980390625 0.537676609375 0.3892156859375
0 0.6017791734375 0.35 0.4631083203125 0.2990196078125 0.38592360000000003 0.340196078125 0.524594453125 0.3931372546875 0.6017791734375 0.35
0 0.46572475156250004 0.30196078437499996 0.3362114078125 0.2549019609375 0.25641025625 0.28823529375 0.39377289375 0.3421568625 0.46572475156250004 0.30196078437499996
0 0.524594453125 0.2705882359375 0.396389325 0.22941176406250002 0.3244374671875 0.259803921875 0.45525902656249995 0.30882352968750004 0.524594453125 0.2705882359375
0 0.5664573515625 0.24117647031249997 0.4526425953125 0.20588235312499997 0.384615384375 0.23137254999999998 0.5154369437499999 0.27352941249999996 0.5664573515625 0.24117647031249997
0 0.651491365625 0.3107843140625 0.5154369437499999 0.27352941249999996 0.4500261640625 0.30392156875 0.5834641546875 0.35 0.651491365625 0.3107843140625
0 0.6240188390625 0.2166666671875 0.5049712203125 0.18823529375 0.4408686546875 0.20686274531249998 0.56776556875 0.2450980390625 0.6240188390625 0.2166666671875
0 0.9798534796875 0.4705882359375 0.77446363125 0.4078431375 0.7326007328124999 0.4568627453125 0.9301412875 0.5333333328125 0.9798534796875 0.4705882359375
0 0.884353740625 0.6 0.6567242281250001 0.5156862734375001 0.5756148624999999 0.586274509375 0.8176347453125 0.6921568625 0.884353740625 0.6
0 0.8267922562500001 0.6794117640625 0.5900052328125 0.5803921562500001 0.4892726328125 0.68039215625 0.7365253796875 0.7990196078125 0.8267922562500001 0.6794117640625