1 0.9327577187499999 0.5803921562500001 0.7051282062500001 0.48921568593750003 0.617477759375 0.562745096875 0.8581894296874999 0.675490196875 0.9327577187499999 0.5803921562500001
1 0.6998953421875 0.49705882343749996 0.9236002093750001 0.5872549031250001 0.9759288343750001 0.49705882343749996 0.7404500265625 0.40196078437500005 0.6998953421875 0.49705882343749996
1 1 0.4264705875 0.8215593921875 0.33823529375 0.7378335953125 0.40490196093749997 0.9720041875 0.509803921875 1 0.4264705875
1 0.944531659375 0.2284313734375 1 0.25 0.9968602828125 0.16862744999999998 0.960230246875 0.163725490625 0.944531659375 0.2284313734375
1 0.48142333906249996 0.244117646875 0.6240188390625 0.2970588234375 0.6959706953125 0.24803921562500003 0.5468341171875 0.1931372546875 0.48142333906249996 0.244117646875
1 0.4565672421875 0.46764705937500006 0.274725275 0.38431372656249996 0.156985871875 0.45196078437500004 0.3231292515625 0.5421568625 0.4565672421875 0.46764705937500006
1 0.41993720625000003 0.286274509375 0.49450549375 0.24117647031249997 0.3597592890625 0.194117646875 0.28126635312500003 0.23333333281250002 0.41993720625000003 0.286274509375
1 0.5860805859375 0.16862744999999998 0.7273678703125 0.21176470625000002 0.7953950812499999 0.1705882359375 0.659340659375 0.1235294125 0.5860805859375 0.16862744999999998
1 0.633176346875 0.13627450937500002 0.6920460484375 0.1078431375 0.5847723703125001 0.06960784375 0.52066980625 0.10098039218749999 0.633176346875 0.13627450937500002
1 0.11381475625 0.3215686265625 0.273417059375 0.3892156859375 0.3479853484375 0.33039215624999996 0.35845107187499997 0.33039215624999996 0.19623233906249998 0.26960784375 0.11381475625 0.3215686265625
0 1 0.244117646875 0.94845630625 0.2215686265625 0.8974358984374999 0.2715686265625 0.9994767140624999 0.3068627453125 1 0.244117646875
0 1 0.29607843125 0.91182626875 0.267647059375 0.8568812140625001 0.313725490625 0.9981684968750001 0.37254902031250003 1 0.29607843125
0 0.5651491359375 0.34901960781249997 0.6227106234375 0.2843137265625 0.4971219265625 0.2392156859375 0.4120879125 0.2833333328125 0.5651491359375 0.34901960781249997
0 0.5808477234375 0.3411764703125 0.4369440078125 0.282352940625 0.3414442703125 0.332352940625 0.4971219265625 0.40490196093749997 0.5808477234375 0.3411764703125
0 0.34536891718749996 0.3333333328125 0.42255363749999997 0.28039215624999997 0.28257456875 0.22647058750000001 0.2158555734375 0.263725490625 0.34536891718749996 0.3333333328125
0 0.48796441562500004 0.2450980390625 0.535060178125 0.1990196078125 0.4133961265625 0.155882353125 0.3597592890625 0.1970588234375 0.48796441562500004 0.2450980390625
0 0.535060178125 0.20686274531249998 0.5991627421875 0.167647059375 0.46964939843750003 0.124509803125 0.410779696875 0.1568627453125 0.535060178125 0.20686274531249998
0 0.5913134484375 0.1735294125 0.6423338578125 0.13039215625 0.524594453125 0.0950980390625 0.4604918890625 0.12745097968750002 0.5913134484375 0.1735294125
0 0.8804290937499999 0.675490196875 0.633176346875 0.562745096875 0.5324437468750001 0.655882353125 0.783621140625 0.7990196078125 0.8804290937499999 0.675490196875
0 0.799319728125 0.78137255 0.55729984375 0.651960784375 0.4369440078125 0.7617647062499999 0.7064364203125 0.9215686265624999 0.799319728125 0.78137255
0 0.42124542031249995 0.462745096875 0.5023547875000001 0.3921568625 0.36368393593750004 0.3274509796875 0.26687598125 0.38431372656249996 0.42124542031249995 0.462745096875
0 0.0484039765625 0.51960784375 0.213239140625 0.6333333328124999 0.3296703296875 0.5323529406249999 0.3257456828125 0.5323529406249999 0.1687598109375 0.44607843125 0.0484039765625 0.51960784375
0 0 0.490196078125 0.0601779171875 0.5235294125000001 0.17137624375 0.45392156874999995 0.022239665625 0.3647058828125 0 0.3764705875 0 0.490196078125
0 0.7247514390625 0.2107843140625 0.5978545265624999 0.1666666671875 0.55729984375 0.194117646875 0.68942961875 0.244117646875 0.7247514390625 0.2107843140625
0 0.9981684968750001 0.4284313734375 1 0.3705882359375 0.87207149375 0.31347750625000004 0.8241758234375001 0.3450980390625 0.9981684968750001 0.4284313734375