1 0.498430140625 0.61176470625 0.7378335953125 0.73137255 0.8189429625000001 0.61862745 0.5900052328125 0.513725490625 0.498430140625 0.61176470625
1 0.65803244375 0.46666666718750005 0.8751962328125 0.5529411765625001 0.9301412875 0.46960784375 0.7299843015625 0.390196078125 0.65803244375 0.46666666718750005
1 0.9785452640625 0.41372549062499997 0.7770800625 0.3421568625 0.7169021453125 0.40294117656250006 0.926216640625 0.48235294062499995 0.9785452640625 0.41372549062499997
1 0.81632653125 0.313725490625 1 0.367647059375 0.9981684968750001 0.2774509796875 0.868655153125 0.24705882343750002 0.81632653125 0.313725490625
1 0.247252746875 0.38137255 0.3362114078125 0.332352940625 0.20669806406250002 0.2774509796875 0.11512297187500001 0.32058823593749997 0.247252746875 0.38137255
1 0.3113553109375 0.5107843140624999 0.156985871875 0.4343137265625 0.047095760937499995 0.4921568625 0.2184720046875 0.5852941171875 0.3113553109375 0.5107843140624999
1 0 0.5784313734375 0.130821559375 0.6509803921875 0.221088434375 0.5852941171875 0.04971219375 0.48921568593750003 0 0.49607843125000006 0 0.5784313734375
1 0.5324437468750001 0.2215686265625 0.42517006718749994 0.190196078125 0.3414442703125 0.21274509687499998 0.46572475156250004 0.25392156875 0.5324437468750001 0.2215686265625
1 0.5743066453125001 0.1931372546875 0.701203559375 0.2284313734375 0.7600732609375 0.194117646875 0.641025640625 0.1607843140625 0.5743066453125001 0.1931372546875
1 0.7535321828125 0.194117646875 0.794086865625 0.16862744999999998 0.6841967546875 0.12254902031249999 0.6266352703125 0.15098039218749998 0.7535321828125 0.194117646875
0 0.553375196875 0.340196078125 0.40554683437500005 0.287254903125 0.32836211406250004 0.33627450937500003 0.46964939843750003 0.3931372546875 0.553375196875 0.340196078125
0 0.609628465625 0.298039215625 0.47488226093749997 0.25 0.400313971875 0.2921568625 0.5389848234375 0.3450980390625 0.609628465625 0.298039215625
0 0.6554160125 0.2578431375 0.529827315625 0.2205882359375 0.4631083203125 0.2588235296875 0.5978545265624999 0.30392156875 0.6554160125 0.2578431375
0 0.7051282062500001 0.22647058750000001 0.5821559390625 0.190196078125 0.519361590625 0.2225490203125 0.651491365625 0.2656862734375 0.7051282062500001 0.22647058750000001
0 0.74306645625 0.7235294125 0.51020408125 0.6058823531249999 0.39769754062499996 0.7029411765625 0.648874934375 0.8431372546875 0.74306645625 0.7235294125
0 0.8751962328125 0.544117646875 0.66326530625 0.46176470625 0.5886970171875 0.5235294125000001 0.8084772375 0.624509803125 0.8751962328125 0.544117646875
0 1 0.362745096875 0.8254840390625 0.30784313750000003 0.770538984375 0.344117646875 0.96415489375 0.41862744999999996 1 0.362745096875
0 0.9432234421875 0.20588235312499997 0.9026687593749999 0.24019607812500002 1 0.2656862734375 0.9994767140624999 0.217647059375 0.9432234421875 0.20588235312499997
0 0.6148613296875001 0.159803921875 0.511512296875 0.13039215625 0.45133437968749995 0.1578431375 0.5769230765625 0.198039215625 0.6148613296875001 0.159803921875
0 0.65279958125 0.13333333281249998 0.5586080578125 0.1078431375 0.506279434375 0.1352941171875 0.6135531125 0.1607843140625 0.65279958125 0.13333333281249998
0 0.472265828125 0.2509803921875 0.3519099953125 0.2107843140625 0.27603348906249997 0.2431372546875 0.40685505 0.294117646875 0.472265828125 0.2509803921875
0 0.3309785453125 0.33431372656249997 0.4133961265625 0.2892156859375 0.286499215625 0.24117647031249997 0.1949241234375 0.2774509796875 0.3309785453125 0.33431372656249997
0 0.3322867609375 0.33137255 0.247252746875 0.382352940625 0.387231815625 0.4509803921875 0.4866562015625 0.3921568625 0.3322867609375 0.33137255
0 0.3021978015625 0.517647059375 0.39769754062499996 0.44019607812499995 0.255102040625 0.38039215625 0.1465201453125 0.43333333281249997 0.3021978015625 0.517647059375
0 0.253793825 0.3784313734375 0.12428048124999999 0.32058823593749997 0.019623234375 0.36666666718749996 0.1582940859375 0.43921568593750004 0.253793825 0.3784313734375
0 0 0.46764705937500006 0.057561485937500004 0.49607843125000006 0.167451596875 0.43333333281249997 0.037938253125 0.362745096875 0 0.3735294125 0 0.46764705937500006