0 0.8137100984375 0.5764705875 0.6187859765625 0.498039215625 0.5324437468750001 0.5607843140625 0.7496075359375001 0.6578431375 0.8137100984375 0.5764705875
0 0.7561486140625 0.6490196078125 0.548142334375 0.555882353125 0.45133437968749995 0.6421568625 0.66849816875 0.7578431375 0.7561486140625 0.6490196078125
0 0.682888540625 0.7490196078125 0.4670329671875 0.6392156859375 0.354526425 0.7352941171875 0.5821559390625 0.8696078437500001 0.682888540625 0.7490196078125
0 0.3519099953125 0.46862744999999995 0.20931449375 0.4068627453125 0.102040815625 0.459803921875 0.253793825 0.537254903125 0.3519099953125 0.46862744999999995
0 0.4369440078125 0.4205882359375 0.286499215625 0.359803921875 0.1949241234375 0.4068627453125 0.34013605468749997 0.4764705875 0.4369440078125 0.4205882359375
0 0.4905808484375 0.2490196078125 0.36499215 0.20098039218750002 0.3113553109375 0.2274509796875 0.43040293125 0.275490196875 0.4905808484375 0.2490196078125
0 0.5128205140625 0.20490196093750002 0.42517006718749994 0.17941176406249998 0.36368393593750004 0.2029411765625 0.4709576140625 0.24705882343750002 0.5128205140625 0.20490196093750002
0 0.579539509375 0.18823529375 0.4709576140625 0.15 0.418628990625 0.17941176406249998 0.5128205140625 0.20490196093750002 0.579539509375 0.18823529375
0 0.6305599171875 0.163725490625 0.5259026687499999 0.13137255 0.46180010468750005 0.15392156875000002 0.5834641546875 0.1921568625 0.6305599171875 0.163725490625
0 0.6998953421875 0.232352940625 0.739141809375 0.1892156859375 0.633176346875 0.162745096875 0.5769230765625 0.190196078125 0.6998953421875 0.232352940625
0 0 0.4078431375 0.10465724843749999 0.46176470625 0.213239140625 0.4078431375 0.0641025640625 0.3352941171875 0 0.36568627343750004 0 0.4078431375
0 0.6122448984375 0.2921568625 0.4866562015625 0.2490196078125 0.4330193609375 0.2705882359375 0.548142334375 0.3333333328125 0.6122448984375 0.2921568625
1 0.8608058609375 0.5156862734375001 0.6763474609375 0.43823529375000003 0.6070120359375 0.49607843125000006 0.8084772375 0.5843137265625 0.8608058609375 0.5156862734375001
1 0.918367346875 0.4578431375 0.7326007328124999 0.38333333281250004 0.669806384375 0.444117646875 0.8621140765625 0.5166666671875 0.918367346875 0.4578431375
1 0.7718472015625 0.3509803921875 0.9432234421875 0.41078431406249993 0.9837781265625001 0.3578431375 0.80062794375 0.3 0.7718472015625 0.3509803921875
1 0.8647305078124999 0.2852941171875 0.9994767140624999 0.324509803125 0.9968602828125 0.25196078437499997 0.8948194656249999 0.22352941249999997 0.8647305078124999 0.2852941171875
1 0.6017791734375 0.2911764703125 0.6724228140624999 0.2549019609375 0.54160125625 0.2088235296875 0.4827315546875 0.24607843125 0.6017791734375 0.2911764703125
1 0.102040815625 0.459803921875 0 0.5235294125000001 0.1425954984375 0.6107843140625 0.138670853125 0.6156862734375 0.26687598125 0.53823529375 0.102040815625 0.459803921875
1 0.21454735781249998 0.4068627453125 0.296964940625 0.3568627453125 0.15960230312499998 0.2921568625 0.057561485937500004 0.3411764703125 0.21454735781249998 0.4068627453125
1 0.41732077343749996 0.417647059375 0.5010465734375 0.36568627343750004 0.374149659375 0.305882353125 0.28126635312500003 0.359803921875 0.41732077343749996 0.417647059375
1 0.2223966515625 0.263725490625 0.3492935640625 0.31176470625 0.41993720625000003 0.26862745 0.2878074296875 0.2215686265625 0.2223966515625 0.263725490625